size
————————————————————————————————————————————
dataset         n            m           t
————————————————————————————————————————————
dolphins 		62 		     159 		 95
football 		115 		 613 		 810
karate 		    34 		     78 		 45
lesmis 		    77 		     254 		 467
polbooks 		105 		 441 		 560
as19991213 		2071 		 4233 		 3080
as19991231 		2107 		 4303		 3138
as20000102 		6474 		 12572 		 6584
com-dblp 		317080 	     1049866 	 2224385
com-youtube     1134890 	 2987624 	 3056386
douban 		    154908 	     327162 	 40612
email-Eu-core 	1005 		 16064 		 105461
Email-EuAll 	265214 	     364481 	 267313
oregon2_010428 	11113 		 31434 		 78000
oregon2_010512 	11260 		 31303 		 72866
oregon2_010526 	11461 		 32730 		 89541
p2p-Gnutella24 	26518 		 65369 		 986
p2p-Gnutella30 	36682 		 88328 		 1590
p2p-Gnutella31 	62586 		 147892 	 2024
polblogs 		1224 		 16718 		 101043
web-Stanford 	281903 	     1992636 	 11329473
——————————————————————————————————————————————————

exact algorithm results
————————————————————————————————————————————————————————————————————————————
Algorithm    Measure    Dolphins    football    Karate    lesmis    polbooks
————————————————————————————————————————————————————————————————————————————
             delta2     0.32        0.09        0.35      0.49      0.41
DS           delta4     0.04        0.0         0.05      0.18      0.09
             n          20          115         16        23        24
             delta2     0.8         0.48        0.93      0.88      0.49
TDS          delta4     0.54        0.2         0.8       0.71      0.15
             n          7           18          6         13        20
             delta2     0.93        1.0         0.93      0.93      0.74
MWED         delta4     0.8         1.0         0.8       0.83      0.4
             n          6           9           6         12        12
             delta2     0.93        0.48        0.93      0.93      0.61
MWTD         delta4     0.8         0.2         0.8       0.83      0.26
             n          6           18          6         12        15
             delta2     0.93        0.48        0.93      0.93      0.61
MWTD+        delta4     0.8         0.2         0.8       0.83      0.26
             n          6           18          6         12        15
——————————————————————————————————————————————————————————————————————————

greedy algorithm results
——————————————————————————————————————————————————————————————————————————————
Algorithm    Measure    POBG   AS31   AS13   AS02   P224   P230   P231   DBLP
——————————————————————————————————————————————————————————————————————————————
             delta2     0.2    0.45   0.52   0.49   0.0    0.0    0.0    1.0
DS           delta4     0.02   0.14   0.19   0.16   0.0    0.0    0.0    1.0
             n          277    37     33     37     7480   1653   1570   114
             delta2     0.54   0.52   0.55   0.54   0.15   0.12   0.4    1.0
TDS          delta4     0.19   0.2    0.22   0.21   0.01   0.0    0.11   1.0
             n          102    32     31     33     21     35     10     114
             delta2     0.55   0.59   0.55   0.57   0.43   0.52   0.48   1.0
OQC          delta4     0.2    0.26   0.22   0.24   0.0    0.0    0.0    1.0
             n          100    28     31     31     12     15     14     114
             delta2     0.68   0.52   0.55   0.59   0.09   0.09   0.26   1.0
TGDS         delta4     0.35   0.2    0.22   0.26   0.0    0.0    0.05   1.0
             n          72     32     31     30     33     38     13     114
             delta2     0.74   1.0    1.0    1.0    1.0    0.15   1.0    1.0
MWED         delta4     0.42   1.0    1.0    1.0    0.0    0.01   1.0    1.0
             n          64     8      8      8      2      27     4      114
             delta2     0.67   0.8    0.7    0.79   0.9    0.4    0.9    1.0
MWTD         delta4     0.33   0.54   0.39   0.52   0.7    0.11   0.7    1.0
             n          75     18     23     20     5      10     5      114
————————————————————————————————————————————————————————————————————————————————————


————————————————————————————————————————————————————————————————————————————————————
Algorithm    Measure    O126   O212   O228   DOUB   ECOR   EALL   YOUT   WEBS
————————————————————————————————————————————————————————————————————————————————————
             delta2     0.36   0.37   0.33   0.01   0.24   0.13   0.04   0.21
DS           delta4     0.08   0.09   0.07   0.0    0.03   0.0    0.0    0.0
             n          138    123    142    2034   226    503    1865   550
             delta2     0.39   0.45   0.39   0.69   0.35   0.29   0.11   0.14
TDS          delta4     0.1    0.14   0.1    0.37   0.07   0.04   0.0    0.01
             n          126    100    119    25     154    200    729    775
             delta2     0.54   0.55   0.55   0.45   0.52   0.51   0.46   0.42
OQC          delta4     0.21   0.21   0.21   0.08   0.18   0.16   0.11   0.02
             n          88     80     80     25     97     97     124    207
             delta2     0.4    0.52   0.53   0.76   0.57   0.55   0.17   0.09
TGDS         delta4     0.11   0.19   0.2    0.47   0.22   0.2    0.01   0.0
             n          120    81     80     22     85     85     422    1089
             delta2     0.78   0.63   0.65   0.81   0.61   0.48   0.29   1.0
MWED         delta4     0.52   0.31   0.33   0.55   0.26   0.14   0.05   1.0
             n          49     55     55     20     78     98     129    12
             delta2     0.64   0.68   0.7    0.76   0.58   0.54   0.22   0.94
MWTD         delta4     0.32   0.35   0.38   0.47   0.23   0.19   0.02   0.85
             n          69     60     57     22     84     88     308    60
——————————————————————————————————————————————————————————————————————————————————————


        greedy MWTD
******************************
datasets  delta2  delta4   n
as19991213  0.7  0.38  23
as19991231  0.91 0.75  14
as20000102  0.83 0.6   18
com-dblp    1.0  1.0   114
com-youtube 0.17 0.01  363
douban      0.76 0.47  22
email-Eu-core 0.64  0.3  71
Email-EuAll  0.5   0.15  93
oregon2_010428 0.72  0.41  54
oregon2_010512 0.67  0.33  61
oregon2_010526 0.68  0.36  64
p2p-Gnutella24 0.9   0.7  5
p2p-Gnutella30 0.25  0.04  15
p2p-Gnutella31 0.4   0.11  10
polblogs       0.7   0.38  68
web-Stanford   0.91  0.8   61


greedy algorithm run time(seconds)
——————————————————————————————————————————————————————————————————————————————
Algorithm  AS13   AS02   O228   O212   O216   EALL   DBLP     YOUT     时间复杂度
——————————————————————————————————————————————————————————————————————————————
DS         0.01   0.02   0.05   0.05   0.05   0.94   20.13    38.11    O(n + m)
OQC        0.01   0.02   0.05   0.05   0.05   1.02   19.84    37.83    O(n + m)
TDS        0.04   0.12   0.49   0.43   0.50   6.88   15.46    43.40    O(m^{3/2} + nlogn + t)
MWED       0.04   0.13   0.35   0.33   0.35   7.35   14.06    45.99    O(m^{3/2} + nlogn + t)
MWTD       0.04   0.14   0.74   0.72   0.87   8.67   28.11    61.25    O(m^{3/2} + nt + nlogn)
TGDS       0.13   0.33   6.98   6.78   9.13   24.78  287.50   397.49   O(m^{3/2} + tlogt + nt)
——————————————————————————————————————————————————————————————————————————————